
power = 2717.18891962261
throughput = 14793.71
composite = 6340.13445378804
